;Label donde esta toda la información de una imagen 
ARCH LABEL WORD
AX      dw  44 ;Largo en px
AY      dw  44 ;Alto en px
aposx   dw  64 ;Posicion en X de la esquina superior izquierda
aposy   dw  70 ;Posicion en Y de la esquina superior izquierda
archd   db 48,48,48,48,48,48,48,48,48,48,48,48,48,48,48,48,48,48,48,48,48,55,55,48,48,48,48,48,48,48,48,48,48,48,48,48,48,48,48,48,48,48,48,48
        db 48,48,48,48,48,48,48,48,48,48,48,48,48,48,48,48,48,48,48,48,55,55,55,55,48,48,48,48,48,48,48,48,48,48,48,48,48,48,48,48,48,48,48,48
        db 48,48,48,48,48,48,48,48,48,48,48,48,48,48,48,48,48,48,48,55,55,55,55,55,55,48,48,48,48,48,48,48,48,48,48,48,48,48,48,48,48,48,48,48
        db 48,48,48,48,48,48,48,48,48,48,48,48,48,48,48,48,48,48,55,55,55,55,55,55,55,55,48,48,48,48,48,48,48,48,48,48,48,48,48,48,48,48,48,48
        db 48,48,48,48,48,48,48,48,48,48,48,48,48,48,48,48,48,48,15,15,55,55,55,55,55,55,48,48,48,48,48,48,48,48,48,48,48,48,48,48,48,48,48,48
        db 48,48,48,48,48,48,48,48,48,48,48,48,48,48,48,48,48,55,15,15,15,15,55,55,55,55,55,48,48,48,48,48,48,48,48,48,48,48,48,48,48,48,48,48
        db 48,48,48,48,48,48,48,48,48,48,48,48,48,48,48,55,55,55,55,15,15,15,15,55,55,55,55,48,48,48,48,48,48,48,48,48,48,48,48,48,48,48,48,48
        db 48,48,48,48,48,48,48,48,48,48,48,48,48,48,55,55,55,55,55,55,15,15,55,55,55,55,55,55,48,48,48,48,48,48,48,48,48,48,48,48,48,48,48,48
        db 48,48,48,48,48,48,48,48,48,48,48,48,48,55,55,55,55,55,55,55,55,55,55,55,55,55,55,55,55,48,48,48,48,48,48,48,48,48,48,48,48,48,48,48
        db 48,48,48,48,48,48,48,48,48,48,48,48,55,55,55,55,55,55,55,55,55,55,55,55,55,55,55,55,55,55,48,48,48,48,48,48,48,48,48,48,48,48,48,48
        db 48,48,48,48,48,48,48,48,48,48,48,55,55,55,55,55,55,55,55,55,55,55,55,55,55,55,55,55,55,55,55,48,48,48,48,48,48,48,48,48,48,48,48,48
        db 48,48,48,48,48,48,48,48,48,48,55,55,55,55,55,55,55,55,55,55,55,55,55,55,55,55,55,55,55,55,55,55,48,48,48,48,48,48,48,48,48,48,48,48
        db 48,48,48,48,48,48,48,48,48,55,55,55,55,55,55,55,55,55,55,55,55,55,55,55,55,55,55,55,55,55,55,55,55,48,48,48,48,48,48,48,48,48,48,48
        db 48,48,48,48,48,48,48,48,55,55,55,55,55,55,55,55,55,55,55,55,55,48,48,55,55,55,55,55,55,55,55,55,55,55,48,48,48,48,48,48,48,48,48,48
        db 48,48,48,48,48,48,48,55,55,55,55,55,55,55,55,55,55,55,55,55,48,48,48,48,55,55,55,55,55,55,55,55,55,55,55,48,48,48,48,48,48,48,48,48
        db 48,48,48,48,48,48,48,55,55,55,55,55,55,55,55,55,55,55,55,48,48,48,48,48,48,55,55,55,55,55,55,55,55,55,55,48,48,48,48,48,48,48,48,48
        db 48,48,48,48,48,48,55,55,55,55,55,55,55,55,55,55,55,55,55,48,48,48,48,48,48,55,55,55,55,15,15,55,55,55,55,55,48,48,48,48,48,48,48,48
        db 48,48,48,48,48,55,55,55,55,55,55,55,55,55,55,55,55,55,48,48,48,48,48,48,48,48,55,55,15,15,15,15,55,55,55,55,55,48,48,48,48,48,48,48
        db 48,48,48,48,55,55,55,55,55,55,55,55,55,55,55,55,55,55,48,48,48,48,48,48,48,48,55,55,48,48,15,15,15,15,55,55,55,55,48,48,48,48,48,48
        db 48,48,48,55,55,55,55,55,55,55,55,55,55,55,55,55,55,48,48,48,48,48,48,48,48,48,48,55,48,48,48,48,15,15,55,55,55,55,55,48,48,48,48,48
        db 48,48,55,55,55,55,55,55,55,55,55,55,55,55,55,55,48,48,48,48,48,48,48,48,48,48,48,48,55,55,55,55,55,55,55,55,55,55,55,55,48,48,48,48
        db 48,55,55,55,55,55,55,55,55,55,55,55,55,55,55,48,48,48,48,48,48,48,48,48,48,48,48,48,48,55,55,55,55,55,55,55,55,55,55,55,55,48,48,48
        db 48,55,55,55,55,55,55,55,55,55,55,55,48,48,48,48,48,48,48,48,48,48,48,48,48,48,48,48,48,48,48,55,55,55,55,55,55,55,55,55,55,55,48,48
        db 48,48,48,55,55,55,55,48,48,48,48,48,48,48,48,48,48,48,48,48,48,48,48,48,48,48,48,48,48,48,48,48,48,48,48,48,48,48,55,55,55,48,48,48
        db 48,48,48,48,48,48,48,48,48,48,48,48,48,48,48,48,48,48,48,48,48,48,48,48,48,48,48,48,48,48,48,48,48,48,48,48,48,48,48,48,48,48,48,48
        db 48,48,48,48,48,48,48,48,48,48,48,48,48,48,48,48,48,48,48,48,48,48,48,48,48,48,48,48,48,48,48,48,48,48,48,48,48,48,48,48,48,48,48,48
        db 48,48,8,48,48,48,48,48,48,48,48,48,48,48,48,48,48,48,48,48,48,48,48,48,48,48,48,48,48,48,48,48,48,48,48,48,48,48,48,48,48,48,48,48
        db 48,8,48,8,48,48,48,48,48,48,48,48,48,48,48,8,48,48,48,48,55,48,48,48,48,48,48,48,48,48,48,48,48,48,48,48,48,48,48,48,48,48,48,48
        db 8,8,8,8,8,48,48,48,48,48,48,48,48,48,48,8,48,48,48,48,55,48,48,48,55,48,48,48,48,48,48,48,48,48,48,48,48,48,48,48,48,48,48,48
        db 8,48,48,48,8,48,8,8,8,48,48,8,8,8,48,8,8,8,48,48,55,48,48,48,48,48,48,48,48,48,48,48,48,48,48,48,48,48,48,48,48,48,48,48
        db 8,48,48,48,8,48,8,48,48,48,8,48,48,48,8,8,48,48,8,48,55,48,48,48,55,48,55,55,8,48,55,48,48,55,48,55,48,48,55,48,48,48,48,48
        db 8,8,8,8,8,48,8,48,48,48,8,48,48,48,48,8,48,48,8,48,55,48,48,48,55,48,55,48,55,48,55,48,48,55,48,48,55,55,48,48,55,48,55,48
        db 8,48,48,48,8,48,8,48,48,48,8,48,48,48,48,8,48,48,8,48,55,48,48,48,55,48,55,48,55,48,55,48,48,55,48,48,48,55,48,48,48,55,48,48
        db 8,48,48,48,8,48,8,48,48,48,8,48,48,48,8,8,48,48,8,48,55,48,48,48,55,48,55,48,55,48,55,48,48,55,48,48,55,55,48,48,55,48,55,48
        db 8,48,48,48,8,48,8,48,48,48,48,8,8,8,48,8,48,48,8,48,55,55,55,48,55,48,55,48,55,48,48,55,55,48,55,48,55,48,55,48,48,48,48,48
        db 48,48,48,48,48,48,48,48,48,48,48,48,48,48,48,48,48,48,48,48,48,48,48,48,48,48,48,48,48,48,48,48,48,48,48,48,48,48,48,48,48,48,48,48