;Label donde esta toda la información de una imagen 
ESCUDO LABEL WORD
EX      dw  32  ;Largo en px
EY      dw  32  ;Alto en px
eposx   dw  64  ;Posicion en X de la esquina superior izquierda
eposy   dw  70  ;Posicion en Y de la esquina superior izquierda
escudod db 48,48,44,44,44,44,44,44,44,44,44,44,44,44,44,44,44,44,44,44,44,44,44,44,44,44,44,44,44,44,48,48
        db 48,48,44,0,0,0,0,0,0,0,0,0,0,0,0,0,0,0,0,0,0,0,0,0,0,0,0,0,0,44,48,48
        db 48,48,44,0,55,55,15,15,15,15,15,15,15,15,15,15,15,15,15,15,15,15,15,15,15,15,55,55,0,44,48,48
        db 48,48,44,0,55,55,15,9,9,9,9,9,9,15,15,15,15,15,15,9,9,9,9,9,9,15,55,55,0,44,48,48
        db 48,48,44,0,55,55,15,9,9,9,9,9,9,15,15,47,47,15,15,9,9,9,9,9,9,15,55,55,0,44,48,48
        db 48,48,44,0,55,55,15,9,9,9,9,9,9,15,15,15,15,15,15,9,9,9,9,9,9,15,55,55,0,44,48,48
        db 48,48,44,0,55,55,15,15,15,15,15,15,15,15,2,15,15,15,15,15,15,15,15,15,15,15,55,55,0,44,48,48
        db 48,48,44,0,55,55,55,55,55,55,55,55,55,55,2,55,55,55,55,55,55,55,55,55,55,55,55,55,0,44,48,48
        db 48,48,44,0,55,55,55,55,55,55,55,55,55,14,2,2,55,55,55,55,55,55,55,55,55,55,55,55,0,44,48,48
        db 48,48,44,0,55,55,55,55,55,55,55,55,55,55,2,55,2,55,55,55,55,55,55,55,55,55,55,55,0,44,48,48
        db 48,48,44,0,55,55,55,55,55,55,55,55,55,55,4,55,55,2,55,55,55,2,55,55,55,55,55,55,0,44,48,48
        db 48,48,44,0,55,55,55,55,55,55,55,55,55,4,55,2,2,2,2,2,2,55,55,55,55,55,55,55,0,44,48,48
        db 48,48,44,0,55,55,55,55,55,55,55,55,55,55,55,55,55,2,2,2,2,55,2,55,55,55,55,55,0,44,48,48
        db 48,48,44,0,55,55,55,55,55,55,55,55,0,0,0,0,55,55,55,55,55,55,2,55,55,55,55,55,0,44,48,48
        db 48,48,44,0,55,55,55,55,55,55,0,0,15,15,15,15,0,55,55,55,55,55,2,55,55,55,55,55,0,44,48,48
        db 48,48,44,0,55,55,55,55,0,0,15,0,15,15,0,15,15,0,0,55,55,55,2,55,55,55,55,55,0,44,48,48
        db 48,48,44,0,55,55,55,55,0,0,15,15,15,15,15,15,15,0,0,55,55,55,2,55,55,55,55,55,0,44,48,48
        db 48,48,44,0,55,55,55,55,0,0,15,15,0,0,15,15,15,0,0,55,55,55,2,55,55,55,55,55,0,44,48,48
        db 48,48,44,0,55,55,55,55,0,0,15,0,15,15,0,15,15,0,0,55,55,2,2,55,55,55,55,55,0,44,48,48
        db 48,48,44,0,55,55,55,55,55,55,0,0,15,15,15,15,0,55,55,2,2,2,55,55,55,55,55,55,0,44,48,48
        db 48,48,44,0,55,55,0,0,55,55,55,55,0,0,0,0,2,2,2,2,55,55,55,55,55,55,0,0,0,44,48,48
        db 48,48,44,0,0,0,15,15,0,0,55,55,55,55,55,55,55,55,55,55,55,55,0,0,15,15,0,0,0,44,48,48
        db 48,48,48,44,44,0,15,15,15,15,0,0,55,55,55,55,55,55,55,55,0,0,15,15,15,15,0,44,44,48,48,48
        db 48,48,48,48,44,44,0,15,15,15,15,15,0,0,55,55,55,55,0,0,15,15,15,15,15,0,44,44,48,48,48,48
        db 48,48,48,48,48,44,44,0,15,15,15,15,15,15,0,0,0,0,15,15,15,15,15,15,0,44,44,48,48,48,48,48
        db 48,48,48,48,48,48,44,44,0,15,15,15,15,15,15,15,15,15,15,15,15,15,15,0,44,44,48,48,48,48,48,48
        db 48,48,48,48,48,48,48,44,44,0,15,15,15,15,15,15,15,15,15,15,15,15,0,44,44,48,48,48,48,48,48,48
        db 48,48,48,48,48,48,48,48,44,44,0,0,15,15,15,15,15,15,15,15,0,0,44,44,48,48,48,48,48,48,48,48
        db 48,48,48,48,48,48,48,48,48,44,44,44,0,0,15,15,15,15,0,0,44,44,44,48,48,48,48,48,48,48,48,48
        db 48,48,48,48,48,48,48,48,48,48,48,44,0,0,0,0,0,0,0,0,44,48,48,48,48,48,48,48,48,48,48,48
        db 48,48,48,48,48,48,48,48,48,48,48,44,44,44,44,44,44,44,44,44,44,48,48,48,48,48,48,48,48,48,48,48
        db 48,48,48,48,48,48,48,48,48,48,48,48,48,48,48,48,48,48,48,48,48,48,48,48,48,48,48,48,48,48,48,48