;Label donde esta toda la información de una imagen
HONKAI LABEL WORD
HX      dw  50 ;Largo en px
HY      dw  48 ;Alto en px
hposx   dw  64 ;Posicion en X de la esquina superior izquierda
hposy   dw  70 ;Posicion en Y de la esquina superior izquierda
honkaid db 48,48,48,48,48,48,48,48,48,48,48,48,48,48,48,48,48,48,48,48,48,48,48,48,48,48,48,48,48,48,48,48,48,48,48,48,48,48,48,48,48,48,48,48,48,48,48,48,48,48
        db 48,48,48,48,48,48,48,48,48,48,48,48,48,48,48,48,48,48,48,48,48,48,48,48,48,48,48,48,48,48,48,48,48,48,48,48,48,48,48,48,48,48,48,48,48,48,48,48,48,48
        db 48,48,48,48,48,48,48,48,48,48,48,48,48,48,48,48,48,48,48,48,48,48,48,48,48,48,48,48,48,48,48,48,48,48,48,48,48,48,48,48,48,48,48,48,48,48,48,48,48,48
        db 48,48,48,48,48,48,48,48,48,48,48,48,48,48,48,48,48,48,48,48,48,48,48,48,48,48,48,48,48,48,48,48,48,48,48,48,48,48,48,48,48,48,48,48,48,48,48,48,48,48
        db 48,48,48,48,48,48,48,48,48,48,48,48,48,48,48,48,48,48,48,48,48,48,48,48,48,48,48,48,48,48,48,48,48,48,48,48,48,48,48,48,48,48,48,48,48,48,48,48,48,48
        db 48,48,48,48,48,48,48,48,48,48,48,48,48,48,48,48,48,48,48,48,48,48,48,48,48,48,48,48,48,48,48,48,48,48,48,48,48,48,48,48,48,48,48,48,48,48,48,48,48,48
        db 48,48,48,48,48,48,48,48,48,48,48,48,48,48,48,48,48,48,48,48,48,48,48,48,48,48,48,48,48,48,48,48,48,48,48,48,48,48,48,48,48,48,48,48,48,48,48,48,48,48
        db 48,48,48,48,48,48,48,48,48,48,48,48,48,48,48,48,48,48,48,48,48,48,48,48,48,48,48,48,48,48,48,48,48,48,48,48,48,48,48,48,48,48,48,48,48,48,48,48,48,48
        db 48,48,48,48,48,48,48,48,48,48,48,48,48,48,48,48,48,48,48,48,48,48,48,48,48,48,48,48,48,48,48,48,48,48,48,15,48,48,48,48,48,48,48,48,48,48,48,48,48,48
        db 48,48,48,48,48,48,48,48,48,48,48,48,48,48,48,48,48,48,48,48,48,48,48,48,48,48,48,48,48,48,48,48,48,15,7,24,48,48,48,48,48,48,48,48,48,48,48,48,48,48
        db 48,48,48,48,48,48,48,48,48,48,48,48,48,48,48,48,48,48,48,48,48,48,48,48,48,48,48,48,48,48,48,48,7,24,24,24,7,48,48,48,48,48,48,48,48,48,48,48,48,48
        db 48,48,48,48,48,48,48,48,48,48,48,48,48,48,48,48,48,48,48,48,48,48,48,48,48,48,48,48,48,48,7,7,24,24,24,24,24,7,7,7,7,7,7,48,48,48,48,48,48,48
        db 48,48,48,48,48,48,15,7,7,48,48,48,48,48,48,48,48,48,48,48,48,7,24,7,48,48,48,48,48,7,24,42,42,42,42,42,42,42,42,42,42,42,8,7,48,48,48,48,48,48
        db 48,48,48,48,48,48,7,7,7,7,48,48,48,48,48,48,48,48,48,48,15,24,7,24,7,48,48,48,48,24,42,42,42,42,42,42,42,42,42,42,42,42,8,7,48,48,48,48,7,15
        db 48,48,48,48,48,7,7,15,7,7,48,48,48,48,48,48,48,48,48,48,7,7,15,7,7,48,48,48,7,24,42,42,42,42,42,42,42,42,42,42,42,7,24,48,48,48,48,7,7,24
        db 48,48,48,48,48,7,7,15,7,15,7,7,7,48,48,48,48,48,48,7,24,15,7,7,48,48,48,48,7,24,8,24,24,24,24,24,24,42,42,42,42,8,7,15,15,15,7,7,7,7
        db 48,48,48,48,7,7,15,7,7,7,7,7,7,7,15,15,15,15,7,24,7,15,7,7,15,15,15,7,7,24,24,24,24,24,8,24,24,42,42,42,24,24,24,24,24,8,7,15,24,15
        db 48,48,48,7,24,15,7,7,7,24,7,15,7,24,24,24,24,24,8,7,15,15,7,24,24,24,24,7,7,15,7,24,24,8,7,7,7,24,42,42,8,7,15,7,7,24,15,7,7,48
        db 48,48,48,24,7,15,7,15,7,7,15,7,7,8,24,24,7,24,7,15,7,7,7,15,7,24,7,15,15,7,24,24,24,24,7,15,7,7,42,42,7,7,7,7,7,7,7,24,7,15
        db 48,48,15,7,15,7,7,7,24,7,7,7,7,7,24,7,15,7,7,7,15,7,7,7,7,7,15,15,7,7,7,7,7,7,15,7,24,42,42,42,7,7,7,7,7,15,7,24,24,7
        db 48,48,7,7,15,7,7,7,7,7,7,7,7,7,7,7,7,7,7,15,7,7,15,7,7,15,7,7,7,15,7,7,7,7,15,7,42,42,42,42,7,7,7,7,7,7,24,24,24,15
        db 48,15,7,15,7,7,7,7,7,7,7,24,8,24,7,7,7,7,7,7,7,7,7,7,15,7,7,7,7,7,7,7,7,15,7,24,42,42,24,24,42,7,24,24,7,7,24,24,7,48
        db 48,7,7,7,7,7,24,7,15,7,7,24,8,24,7,7,7,7,15,7,7,7,24,24,7,7,7,7,24,7,7,7,7,15,7,8,7,8,24,24,8,42,42,24,7,7,48,48,48,48
        db 7,7,15,7,15,7,24,7,15,7,7,7,7,7,7,7,7,15,7,7,7,7,24,24,7,7,15,7,7,15,7,7,15,7,24,24,24,8,11,11,8,42,42,24,7,7,15,48,48,48
        db 7,7,7,7,7,24,7,7,7,7,24,7,7,7,7,24,24,7,7,7,15,7,7,7,15,7,7,7,7,7,7,7,7,7,8,24,7,8,24,24,8,42,7,7,7,7,15,48,48,48
        db 7,15,7,15,7,8,24,24,24,24,8,24,7,7,7,24,24,7,7,15,15,7,15,7,7,7,7,24,24,7,24,24,24,8,8,24,24,42,24,24,42,42,24,7,7,7,48,48,48,48
        db 7,7,7,7,24,24,8,24,24,24,24,24,7,7,24,24,24,24,7,7,7,24,7,15,7,7,15,7,8,24,24,7,7,7,7,7,7,7,7,7,7,7,7,7,7,7,24,15,48,48
        db 7,7,7,7,15,7,24,24,24,24,24,24,7,7,24,8,24,24,24,24,24,8,8,7,15,7,7,15,7,8,7,15,15,15,15,15,7,7,7,7,7,15,15,15,15,24,7,48,48,48
        db 48,48,48,48,48,48,15,15,15,15,7,24,7,15,24,7,24,24,24,24,24,24,24,24,24,7,15,7,7,24,7,7,7,7,7,7,7,7,7,7,7,7,7,7,7,24,48,48,48,48
        db 48,48,48,48,48,48,48,48,48,48,48,7,7,7,7,48,48,15,15,15,15,15,15,15,7,24,7,15,7,7,8,24,24,24,42,42,42,42,42,42,8,24,7,7,7,15,48,48,48,48
        db 48,48,48,48,48,48,48,48,48,48,48,48,7,24,48,48,48,48,48,48,48,48,48,48,48,7,24,7,15,15,7,7,48,7,42,42,42,42,42,24,24,7,48,48,48,48,48,48,48,48
        db 48,48,48,48,48,48,48,48,48,48,48,48,48,48,48,48,48,48,48,48,48,48,48,48,48,48,7,24,7,15,7,24,24,42,42,42,42,42,7,7,15,48,48,48,48,48,48,48,48,48
        db 48,48,48,48,48,48,48,48,48,48,48,48,48,48,48,48,48,48,48,48,48,48,48,48,48,48,48,15,24,7,15,7,7,42,42,42,42,42,8,15,48,48,48,48,48,48,48,48,48,48
        db 48,48,48,48,48,48,48,48,48,48,48,48,48,48,48,48,48,48,48,48,48,48,48,48,48,48,48,48,15,24,24,24,42,42,42,42,7,24,7,48,48,48,48,48,48,48,48,48,48,48
        db 48,48,48,48,48,48,48,48,48,48,48,48,48,48,48,48,48,48,48,48,48,48,48,48,48,48,48,48,48,48,7,42,42,42,7,24,7,48,48,48,48,48,48,48,48,48,48,48,48,48
        db 48,48,48,48,48,48,48,48,48,48,48,48,48,48,48,48,48,48,48,48,48,48,48,48,48,48,48,48,48,7,7,42,42,7,7,48,48,48,48,48,48,48,48,48,48,48,48,48,48,48
        db 48,48,48,48,48,48,48,48,48,48,48,48,48,48,48,48,48,48,48,48,48,48,48,48,48,48,48,48,48,24,42,42,42,7,48,48,48,48,48,48,48,48,48,48,48,48,48,48,48,48
        db 48,48,48,48,48,48,48,48,48,48,48,48,48,48,48,48,48,48,48,48,48,48,48,48,48,48,48,48,7,42,42,42,24,15,48,48,48,48,48,48,48,48,48,48,48,48,48,48,48,48
        db 48,48,48,48,48,48,48,48,48,48,48,48,48,48,48,48,48,48,48,48,48,48,48,48,48,48,48,48,7,7,42,24,7,48,48,48,48,48,48,48,48,48,48,48,48,48,48,48,48,48
        db 48,48,48,48,48,48,48,48,48,48,48,48,48,48,48,48,48,48,48,48,48,48,48,48,48,48,48,48,15,7,7,7,48,48,48,48,48,48,48,48,48,48,48,48,48,48,48,48,48,48
        db 48,48,48,48,48,48,48,48,48,48,48,48,48,48,48,48,48,48,48,48,48,48,48,48,48,48,48,48,48,48,48,48,48,48,48,48,48,48,48,48,48,48,48,48,48,48,48,48,48,48
        db 48,48,48,48,48,48,48,48,48,48,48,48,48,48,48,48,48,48,48,48,48,48,48,48,48,48,48,48,48,48,48,48,48,48,48,48,48,48,48,48,48,48,48,48,48,48,48,48,48,48
        db 48,48,48,48,48,48,48,48,48,48,48,48,48,48,48,48,48,48,48,48,48,48,48,48,48,48,48,48,48,48,48,48,48,48,48,48,48,48,48,48,48,48,48,48,48,48,48,48,48,48
        db 48,48,48,48,48,48,48,48,48,48,48,48,48,48,48,48,48,48,48,48,48,48,48,48,48,48,48,48,48,48,48,48,48,48,48,48,48,48,48,48,48,48,48,48,48,48,48,48,48,48
        db 48,48,48,48,48,48,48,48,48,48,48,48,48,48,48,48,48,48,48,48,48,48,48,48,48,48,48,48,48,48,48,48,48,48,48,48,48,48,48,48,48,48,48,48,48,48,48,48,48,48
        db 48,48,48,48,48,48,48,48,48,48,48,48,48,48,48,48,48,48,48,48,48,48,48,48,48,48,48,48,48,48,48,48,48,48,48,48,48,48,48,48,48,48,48,48,48,48,48,48,48,48
        db 48,48,48,48,48,48,48,48,48,48,48,48,48,48,48,48,48,48,48,48,48,48,48,48,48,48,48,48,48,48,48,48,48,48,48,48,48,48,48,48,48,48,48,48,48,48,48,48,48,48
        db 48,48,48,48,48,48,48,48,48,48,48,48,48,48,48,48,48,48,48,48,48,48,48,48,48,48,48,48,48,48,48,48,48,48,48,48,48,48,48,48,48,48,48,48,48,48,48,48,48,48