; Label donde esta toda la informacion de la segunda imagen
PERSONAJE2 LABEL WORD
P2X     dw  14 ;Largo en px
P2Y     dw  20 ;Alto en px
p2posx  dw  64 ;Posicion en X de la esquina superior izquierda
p2posy  dw  70 ;Posicion en Y de la esquina superior izquierda
personaje2d db 0,0,0,9,9,9,9,0,0,0,0,0,0,0
            db 0,0,0,9,9,9,9,0,0,0,0,0,0,0
            db 0,0,0,9,9,9,9,0,0,0,0,0,0,0
            db 0,0,0,9,9,9,9,0,0,0,0,0,0,0
            db 0,9,9,9,9,9,9,9,9,9,0,0,0,0
            db 0,9,9,15,0,15,0,15,9,9,0,0,0,0
            db 0,9,9,15,0,0,0,15,9,9,0,0,0,0
            db 0,9,9,15,15,15,15,15,9,9,0,0,0,0
            db 0,9,9,0,15,15,15,0,9,9,0,0,0,0
            db 0,9,9,0,0,15,0,0,9,9,0,0,0,0
            db 15,15,15,9,9,9,9,9,9,9,0,0,0,0
            db 15,15,15,9,9,9,9,9,9,9,15,15,15,0
            db 15,15,15,9,9,9,9,9,9,9,15,15,15,0
            db 0,0,0,9,9,9,9,9,9,9,15,15,15,0
            db 0,0,0,9,9,9,9,9,9,9,0,0,0,0
            db 0,0,0,9,9,9,9,9,9,9,0,0,0,0
            db 0,0,0,9,9,9,9,9,9,9,0,0,0,0
            db 0,0,0,15,15,0,0,0,15,15,0,0,0,0
            db 0,0,0,15,15,0,0,0,0,0,0,0,0,0
            db 0,0,0,15,15,0,0,0,0,0,0,0,0,0