; Label donde esta toda la informacion de la primera imagen
PERSONAJE1 LABEL WORD
P1X     dw  12 ;Largo en px
P1Y     dw  18 ;Alto en px
p1posx  dw  64 ;Posicion en X de la esquina superior izquierda
p1posy  dw  70 ;Posicion en Y de la esquina superior izquierda
personaje1d db 0,0,9,9,9,9,9,9,9,9,0,0
            db 0,0,9,9,9,9,9,9,9,9,0,0
            db 9,9,9,9,9,9,9,9,9,9,9,9
            db 0,0,15,15,15,15,15,15,15,15,0,0
            db 0,0,15,0,15,15,0,15,15,15,0,0
            db 0,0,15,15,15,15,15,15,15,15,0,0
            db 0,0,15,0,0,0,0,15,15,15,0,0
            db 15,15,15,15,15,15,15,15,15,15,15,15
            db 15,9,9,15,15,15,15,15,15,15,15,15
            db 15,9,9,15,15,15,15,15,15,15,15,15
            db 15,15,15,15,15,15,15,9,9,15,15,15
            db 15,15,15,15,15,15,15,9,9,15,15,15
            db 15,15,15,15,15,15,15,15,15,15,15,15
            db 0,0,15,15,0,0,15,15,0,0,0,0
            db 0,0,15,15,0,0,0,0,15,15,0,0
            db 0,0,15,15,0,0,0,0,15,15,0,0
            db 0,0,9,9,0,0,0,0,9,9,0,0
            db 0,0,9,9,0,0,0,0,9,9,0,0